0 0.115234375 0.1533203125 0.09765625 0.09765625
0 0.103515625 0.3291015625 0.09765625 0.09765625
0 0.3427734375 0.3720703125 0.09765625 0.09765625
0 0.3837890625 0.2978515625 0.09765625 0.09765625
0 0.404296875 0.2236328125 0.09765625 0.09765625
0 0.49609375 0.228515625 0.09765625 0.09765625
0 0.4287109375 0.1357421875 0.09765625 0.09765625
0 0.521484375 0.1240234375 0.09765625 0.09765625
0 0.17578125 0.294921875 0.09765625 0.09765625
0 0.2021484375 0.1923828125 0.09765625 0.09765625
0 0.62109375 0.185546875 0.09765625 0.09765625
0 0.607421875 0.09375 0.09765625 0.09765625
0 0.7578125 0.2763671875 0.09765625 0.09765625
0 0.56640625 0.388671875 0.09765625 0.09765625
0 0.78125 0.6259765625 0.09765625 0.09765625
0 0.8798828125 0.6533203125 0.09765625 0.09765625
0 0.62890625 0.7431640625 0.09765625 0.09765625
0 0.8544921875 0.9208984375 0.09765625 0.09765625