0 0.2861328125 0.279296875 0.09765625 0.09765625
0 0.2783203125 0.361328125 0.09765625 0.09765625
0 0.3583984375 0.3427734375 0.09765625 0.09765625
0 0.2880859375 0.5009765625 0.09765625 0.09765625
0 0.234375 0.6064453125 0.09765625 0.09765625
0 0.14453125 0.6572265625 0.09765625 0.09765625
0 0.7724609375 0.3369140625 0.09765625 0.09765625
0 0.556640625 0.4892578125 0.09765625 0.09765625
0 0.650390625 0.490234375 0.09765625 0.09765625
0 0.7236328125 0.5126953125 0.09765625 0.09765625
0 0.8408203125 0.5615234375 0.09765625 0.09765625
0 0.6552734375 0.5859375 0.09765625 0.09765625
0 0.6181640625 0.6669921875 0.09765625 0.09765625
0 0.68359375 0.7138671875 0.09765625 0.09765625
0 0.689453125 0.849609375 0.09765625 0.09765625
0 0.1943359375 0.736328125 0.09765625 0.09765625
0 0.2666015625 0.7744140625 0.09765625 0.09765625
0 0.2490234375 0.861328125 0.09765625 0.09765625