0 0.4384765625 0.140625 0.09765625 0.09765625
0 0.373046875 0.1953125 0.09765625 0.09765625
0 0.279296875 0.216796875 0.09765625 0.09765625
0 0.4453125 0.3291015625 0.09765625 0.09765625
0 0.3583984375 0.4921875 0.09765625 0.09765625
0 0.17578125 0.4833984375 0.09765625 0.09765625
0 0.216796875 0.650390625 0.09765625 0.09765625
0 0.283203125 0.6064453125 0.09765625 0.09765625
0 0.6494140625 0.2041015625 0.09765625 0.09765625
0 0.5322265625 0.3818359375 0.09765625 0.09765625
0 0.5791015625 0.509765625 0.09765625 0.09765625
0 0.5537109375 0.59765625 0.09765625 0.09765625
0 0.6220703125 0.6630859375 0.09765625 0.09765625
0 0.9130859375 0.3544921875 0.09765625 0.09765625
0 0.755859375 0.345703125 0.09765625 0.09765625
0 0.083984375 0.896484375 0.09765625 0.09765625