0 0.140625 0.22265625 0.09765625 0.09765625
0 0.2578125 0.400390625 0.09765625 0.09765625
0 0.171875 0.71875 0.09765625 0.09765625
0 0.27734375 0.728515625 0.09765625 0.09765625
0 0.6337890625 0.138671875 0.09765625 0.09765625
0 0.677734375 0.248046875 0.09765625 0.09765625
0 0.5478515625 0.4677734375 0.09765625 0.09765625
0 0.75 0.357421875 0.09765625 0.09765625
0 0.828125 0.3642578125 0.09765625 0.09765625
0 0.7685546875 0.43359375 0.09765625 0.09765625
0 0.7197265625 0.53515625 0.09765625 0.09765625
0 0.8916015625 0.5107421875 0.09765625 0.09765625
0 0.921875 0.58984375 0.09765625 0.09765625
0 0.6083984375 0.681640625 0.09765625 0.09765625
0 0.490234375 0.7998046875 0.09765625 0.09765625
0 0.5400390625 0.89453125 0.09765625 0.09765625
0 0.6279296875 0.91015625 0.09765625 0.09765625
0 0.693359375 0.8525390625 0.09765625 0.09765625
0 0.802734375 0.896484375 0.09765625 0.09765625
0 0.412109375 0.8525390625 0.09765625 0.09765625
0 0.236328125 0.865234375 0.09765625 0.09765625
0 0.109375 0.8251953125 0.09765625 0.09765625