0 0.0693359375 0.1982421875 0.09765625 0.09765625
0 0.234375 0.455078125 0.09765625 0.09765625
0 0.2578125 0.6005859375 0.09765625 0.09765625
0 0.4111328125 0.5595703125 0.09765625 0.09765625
0 0.2861328125 0.6943359375 0.09765625 0.09765625
0 0.3701171875 0.1083984375 0.09765625 0.09765625
0 0.6728515625 0.7333984375 0.09765625 0.09765625
0 0.552734375 0.181640625 0.09765625 0.09765625
0 0.732421875 0.3515625 0.09765625 0.09765625
0 0.755859375 0.2265625 0.09765625 0.09765625
0 0.77734375 0.1416015625 0.09765625 0.09765625
0 0.8505859375 0.1884765625 0.09765625 0.09765625
0 0.50390625 0.84375 0.09765625 0.09765625
0 0.4345703125 0.880859375 0.09765625 0.09765625
0 0.54296875 0.9189453125 0.09765625 0.09765625