0 0.291015625 0.16015625 0.09765625 0.09765625
0 0.4228515625 0.2373046875 0.09765625 0.09765625
0 0.4248046875 0.365234375 0.09765625 0.09765625
0 0.1220703125 0.6298828125 0.09765625 0.09765625
0 0.1162109375 0.728515625 0.09765625 0.09765625
0 0.1923828125 0.7001953125 0.09765625 0.09765625
0 0.2626953125 0.6572265625 0.09765625 0.09765625
0 0.388671875 0.712890625 0.09765625 0.09765625
0 0.46875 0.7001953125 0.09765625 0.09765625
0 0.5107421875 0.765625 0.09765625 0.09765625
0 0.6435546875 0.7509765625 0.09765625 0.09765625
0 0.62109375 0.6630859375 0.09765625 0.09765625
0 0.53125 0.6396484375 0.09765625 0.09765625
0 0.7099609375 0.3330078125 0.09765625 0.09765625
0 0.7451171875 0.2353515625 0.09765625 0.09765625
0 0.8046875 0.1748046875 0.09765625 0.09765625
0 0.8447265625 0.1064453125 0.09765625 0.09765625
0 0.560546875 0.818359375 0.09765625 0.09765625
0 0.6259765625 0.861328125 0.09765625 0.09765625
0 0.8603515625 0.79296875 0.09765625 0.09765625
0 0.310546875 0.732421875 0.09765625 0.09765625
0 0.232421875 0.7666015625 0.09765625 0.09765625