0 0.267578125 0.5478515625 0.09765625 0.09765625
0 0.2958984375 0.4736328125 0.09765625 0.09765625
0 0.1904296875 0.494140625 0.09765625 0.09765625
0 0.1435546875 0.42578125 0.09765625 0.09765625
0 0.0751953125 0.47265625 0.09765625 0.09765625
0 0.1103515625 0.353515625 0.09765625 0.09765625
0 0.17578125 0.3056640625 0.09765625 0.09765625
0 0.2041015625 0.37109375 0.09765625 0.09765625
0 0.4765625 0.4189453125 0.09765625 0.09765625
0 0.716796875 0.8662109375 0.09765625 0.09765625
0 0.5654296875 0.5703125 0.09765625 0.09765625
0 0.48828125 0.59765625 0.09765625 0.09765625
0 0.630859375 0.4990234375 0.09765625 0.09765625
0 0.5751953125 0.439453125 0.09765625 0.09765625