0 0.0830078125 0.7041015625 0.09765625 0.09765625
0 0.1748046875 0.6064453125 0.09765625 0.09765625
0 0.3154296875 0.4072265625 0.09765625 0.09765625
0 0.392578125 0.4482421875 0.09765625 0.09765625
0 0.4384765625 0.375 0.09765625 0.09765625
0 0.4501953125 0.53125 0.09765625 0.09765625
0 0.435546875 0.6201171875 0.09765625 0.09765625
0 0.515625 0.591796875 0.09765625 0.09765625
0 0.55859375 0.4287109375 0.09765625 0.09765625
0 0.6220703125 0.3408203125 0.09765625 0.09765625
0 0.9326171875 0.138671875 0.09765625 0.09765625
0 0.861328125 0.34375 0.09765625 0.09765625
0 0.8349609375 0.55859375 0.09765625 0.09765625
0 0.90234375 0.6337890625 0.09765625 0.09765625
0 0.734375 0.740234375 0.09765625 0.09765625
0 0.64453125 0.7451171875 0.09765625 0.09765625
0 0.6201171875 0.6494140625 0.09765625 0.09765625
0 0.7958984375 0.8544921875 0.09765625 0.09765625
0 0.908203125 0.84765625 0.09765625 0.09765625
0 0.21484375 0.783203125 0.09765625 0.09765625
0 0.244140625 0.8818359375 0.09765625 0.09765625