0 0.2919921875 0.4736328125 0.09765625 0.09765625
0 0.2998046875 0.3173828125 0.09765625 0.09765625
0 0.494140625 0.177734375 0.09765625 0.09765625
0 0.5703125 0.1494140625 0.09765625 0.09765625
0 0.6298828125 0.09375 0.09765625 0.09765625
0 0.6650390625 0.2978515625 0.09765625 0.09765625
0 0.6015625 0.3515625 0.09765625 0.09765625
0 0.55078125 0.4130859375 0.09765625 0.09765625
0 0.650390625 0.4150390625 0.09765625 0.09765625
0 0.73828125 0.416015625 0.09765625 0.09765625
0 0.6826171875 0.580078125 0.09765625 0.09765625