0 0.3154296875 0.21484375 0.09765625 0.09765625
0 0.1904296875 0.2431640625 0.09765625 0.09765625
0 0.21484375 0.3388671875 0.09765625 0.09765625
0 0.1708984375 0.451171875 0.09765625 0.09765625
0 0.2392578125 0.5087890625 0.09765625 0.09765625
0 0.470703125 0.3681640625 0.09765625 0.09765625
0 0.4228515625 0.2763671875 0.09765625 0.09765625
0 0.7724609375 0.9208984375 0.09765625 0.09765625
0 0.6455078125 0.888671875 0.09765625 0.09765625
0 0.521484375 0.8876953125 0.09765625 0.09765625
0 0.91015625 0.658203125 0.09765625 0.09765625
0 0.8876953125 0.529296875 0.09765625 0.09765625
0 0.7958984375 0.6015625 0.09765625 0.09765625
0 0.80078125 0.521484375 0.09765625 0.09765625
0 0.845703125 0.4482421875 0.09765625 0.09765625
0 0.5302734375 0.46484375 0.09765625 0.09765625
0 0.087890625 0.8388671875 0.09765625 0.09765625
0 0.1748046875 0.8681640625 0.09765625 0.09765625