0 0.4521484375 0.556640625 0.09765625 0.09765625
0 0.3994140625 0.453125 0.09765625 0.09765625
0 0.3203125 0.5390625 0.09765625 0.09765625
0 0.4580078125 0.6611328125 0.09765625 0.09765625
0 0.2333984375 0.4736328125 0.09765625 0.09765625
0 0.2978515625 0.3369140625 0.09765625 0.09765625
0 0.4560546875 0.17578125 0.09765625 0.09765625
0 0.5302734375 0.3955078125 0.09765625 0.09765625
0 0.84375 0.75390625 0.09765625 0.09765625
0 0.900390625 0.69140625 0.09765625 0.09765625
0 0.8447265625 0.6337890625 0.09765625 0.09765625
0 0.732421875 0.560546875 0.09765625 0.09765625
0 0.552734375 0.16796875 0.09765625 0.09765625
0 0.626953125 0.216796875 0.09765625 0.09765625
0 0.6953125 0.1650390625 0.09765625 0.09765625
0 0.6884765625 0.0849609375 0.09765625 0.09765625
0 0.7685546875 0.4375 0.09765625 0.09765625
0 0.568359375 0.8984375 0.09765625 0.09765625
0 0.4873046875 0.908203125 0.09765625 0.09765625
0 0.548828125 0.740234375 0.09765625 0.09765625