0 0.1318359375 0.296875 0.09765625 0.09765625
0 0.1044921875 0.2216796875 0.09765625 0.09765625
0 0.263671875 0.228515625 0.09765625 0.09765625
0 0.4423828125 0.4873046875 0.09765625 0.09765625
0 0.236328125 0.6875 0.09765625 0.09765625
0 0.6044921875 0.515625 0.09765625 0.09765625
0 0.599609375 0.58984375 0.09765625 0.09765625
0 0.712890625 0.626953125 0.09765625 0.09765625
0 0.5771484375 0.6865234375 0.09765625 0.09765625
0 0.537109375 0.76171875 0.09765625 0.09765625
0 0.607421875 0.814453125 0.09765625 0.09765625
0 0.876953125 0.880859375 0.09765625 0.09765625
0 0.4580078125 0.8740234375 0.09765625 0.09765625
0 0.3603515625 0.8583984375 0.09765625 0.09765625
0 0.26953125 0.8203125 0.09765625 0.09765625
0 0.3115234375 0.7333984375 0.09765625 0.09765625