0 0.2001953125 0.2939453125 0.09765625 0.09765625
0 0.2763671875 0.341796875 0.09765625 0.09765625
0 0.3203125 0.515625 0.09765625 0.09765625
0 0.19921875 0.552734375 0.09765625 0.09765625
0 0.1826171875 0.6328125 0.09765625 0.09765625
0 0.2705078125 0.6240234375 0.09765625 0.09765625
0 0.4013671875 0.724609375 0.09765625 0.09765625
0 0.12890625 0.333984375 0.09765625 0.09765625
0 0.1103515625 0.248046875 0.09765625 0.09765625
0 0.09375 0.16796875 0.09765625 0.09765625
0 0.1435546875 0.09765625 0.09765625 0.09765625
0 0.638671875 0.7412109375 0.09765625 0.09765625
0 0.5732421875 0.51171875 0.09765625 0.09765625
0 0.3720703125 0.796875 0.09765625 0.09765625