0 0.181640625 0.4736328125 0.09765625 0.09765625
0 0.3203125 0.4716796875 0.09765625 0.09765625
0 0.4072265625 0.4501953125 0.09765625 0.09765625
0 0.3017578125 0.689453125 0.09765625 0.09765625
0 0.6015625 0.232421875 0.09765625 0.09765625
0 0.8046875 0.1123046875 0.09765625 0.09765625
0 0.7939453125 0.4453125 0.09765625 0.09765625
0 0.86328125 0.548828125 0.09765625 0.09765625
0 0.787109375 0.5869140625 0.09765625 0.09765625
0 0.7392578125 0.6591796875 0.09765625 0.09765625
0 0.8515625 0.6376953125 0.09765625 0.09765625
0 0.859375 0.7216796875 0.09765625 0.09765625
0 0.9111328125 0.7783203125 0.09765625 0.09765625
0 0.927734375 0.86328125 0.09765625 0.09765625
0 0.087890625 0.8681640625 0.09765625 0.09765625