0 0.1298828125 0.1142578125 0.09765625 0.09765625
0 0.0810546875 0.2431640625 0.09765625 0.09765625
0 0.228515625 0.3544921875 0.09765625 0.09765625
0 0.3291015625 0.3994140625 0.09765625 0.09765625
0 0.4423828125 0.3720703125 0.09765625 0.09765625
0 0.5009765625 0.5498046875 0.09765625 0.09765625
0 0.1396484375 0.671875 0.09765625 0.09765625
0 0.2119140625 0.6865234375 0.09765625 0.09765625
0 0.2880859375 0.7158203125 0.09765625 0.09765625
0 0.564453125 0.6767578125 0.09765625 0.09765625
0 0.5673828125 0.5927734375 0.09765625 0.09765625
0 0.66015625 0.6123046875 0.09765625 0.09765625
0 0.5322265625 0.455078125 0.09765625 0.09765625
0 0.5361328125 0.302734375 0.09765625 0.09765625
0 0.619140625 0.083984375 0.09765625 0.09765625
0 0.1083984375 0.7548828125 0.09765625 0.09765625