0 0.1923828125 0.3564453125 0.09765625 0.09765625
0 0.2998046875 0.349609375 0.09765625 0.09765625
0 0.2451171875 0.4140625 0.09765625 0.09765625
0 0.3046875 0.478515625 0.09765625 0.09765625
0 0.3701171875 0.40234375 0.09765625 0.09765625
0 0.3759765625 0.318359375 0.09765625 0.09765625
0 0.466796875 0.412109375 0.09765625 0.09765625
0 0.376953125 0.712890625 0.09765625 0.09765625
0 0.7197265625 0.3408203125 0.09765625 0.09765625
0 0.8896484375 0.5126953125 0.09765625 0.09765625
0 0.560546875 0.83203125 0.09765625 0.09765625