0 0.099609375 0.1533203125 0.09765625 0.09765625
0 0.2763671875 0.171875 0.09765625 0.09765625
0 0.375 0.1572265625 0.09765625 0.09765625
0 0.4833984375 0.201171875 0.09765625 0.09765625
0 0.505859375 0.30078125 0.09765625 0.09765625
0 0.2958984375 0.337890625 0.09765625 0.09765625
0 0.1044921875 0.4267578125 0.09765625 0.09765625
0 0.1435546875 0.5009765625 0.09765625 0.09765625
0 0.1337890625 0.59765625 0.09765625 0.09765625
0 0.236328125 0.6884765625 0.09765625 0.09765625
0 0.3330078125 0.6923828125 0.09765625 0.09765625
0 0.5712890625 0.369140625 0.09765625 0.09765625
0 0.6689453125 0.3564453125 0.09765625 0.09765625
0 0.6904296875 0.2900390625 0.09765625 0.09765625
0 0.5908203125 0.2177734375 0.09765625 0.09765625
0 0.7685546875 0.345703125 0.09765625 0.09765625
0 0.9345703125 0.1787109375 0.09765625 0.09765625
0 0.837890625 0.6328125 0.09765625 0.09765625
0 0.560546875 0.775390625 0.09765625 0.09765625
0 0.9345703125 0.884765625 0.09765625 0.09765625
0 0.357421875 0.7861328125 0.09765625 0.09765625