0 0.2158203125 0.2802734375 0.09765625 0.09765625
0 0.1103515625 0.2529296875 0.09765625 0.09765625
0 0.1015625 0.3369140625 0.09765625 0.09765625
0 0.4326171875 0.158203125 0.09765625 0.09765625
0 0.376953125 0.2421875 0.09765625 0.09765625
0 0.306640625 0.560546875 0.09765625 0.09765625
0 0.4609375 0.5703125 0.09765625 0.09765625
0 0.4892578125 0.654296875 0.09765625 0.09765625
0 0.60546875 0.734375 0.09765625 0.09765625
0 0.6728515625 0.6796875 0.09765625 0.09765625
0 0.6201171875 0.61328125 0.09765625 0.09765625
0 0.71484375 0.6025390625 0.09765625 0.09765625
0 0.6064453125 0.4404296875 0.09765625 0.09765625
0 0.640625 0.1884765625 0.09765625 0.09765625
0 0.3720703125 0.8564453125 0.09765625 0.09765625