0 0.115234375 0.6064453125 0.09765625 0.09765625
0 0.177734375 0.51953125 0.09765625 0.09765625
0 0.458984375 0.6123046875 0.09765625 0.09765625
0 0.48828125 0.6923828125 0.09765625 0.09765625
0 0.5703125 0.6533203125 0.09765625 0.09765625
0 0.6015625 0.732421875 0.09765625 0.09765625
0 0.8359375 0.5224609375 0.09765625 0.09765625
0 0.9306640625 0.5869140625 0.09765625 0.09765625
0 0.9208984375 0.6640625 0.09765625 0.09765625
0 0.7724609375 0.33984375 0.09765625 0.09765625
0 0.7001953125 0.12109375 0.09765625 0.09765625
0 0.654296875 0.22265625 0.09765625 0.09765625
0 0.6630859375 0.8642578125 0.09765625 0.09765625
0 0.1318359375 0.75 0.09765625 0.09765625
0 0.306640625 0.92578125 0.09765625 0.09765625