0 0.12109375 0.0869140625 0.09765625 0.09765625
0 0.373046875 0.181640625 0.09765625 0.09765625
0 0.400390625 0.3115234375 0.09765625 0.09765625
0 0.3486328125 0.392578125 0.09765625 0.09765625
0 0.23828125 0.41796875 0.09765625 0.09765625
0 0.3779296875 0.5390625 0.09765625 0.09765625
0 0.310546875 0.6689453125 0.09765625 0.09765625
0 0.576171875 0.1884765625 0.09765625 0.09765625
0 0.6220703125 0.302734375 0.09765625 0.09765625
0 0.720703125 0.3046875 0.09765625 0.09765625
0 0.69140625 0.3720703125 0.09765625 0.09765625
0 0.818359375 0.314453125 0.09765625 0.09765625
0 0.8876953125 0.255859375 0.09765625 0.09765625
0 0.7451171875 0.4892578125 0.09765625 0.09765625
0 0.59375 0.5400390625 0.09765625 0.09765625
0 0.599609375 0.8447265625 0.09765625 0.09765625
0 0.9130859375 0.85546875 0.09765625 0.09765625