0 0.3916015625 0.537109375 0.09765625 0.09765625
0 0.33203125 0.216796875 0.09765625 0.09765625
0 0.548828125 0.1484375 0.09765625 0.09765625
0 0.708984375 0.162109375 0.09765625 0.09765625
0 0.7626953125 0.3349609375 0.09765625 0.09765625
0 0.8671875 0.3447265625 0.09765625 0.09765625
0 0.884765625 0.7119140625 0.09765625 0.09765625
0 0.646484375 0.7548828125 0.09765625 0.09765625
0 0.6005859375 0.8310546875 0.09765625 0.09765625
0 0.4345703125 0.916015625 0.09765625 0.09765625
0 0.115234375 0.8837890625 0.09765625 0.09765625