0 0.2041015625 0.322265625 0.09765625 0.09765625
0 0.189453125 0.486328125 0.09765625 0.09765625
0 0.1123046875 0.462890625 0.09765625 0.09765625
0 0.1025390625 0.552734375 0.09765625 0.09765625
0 0.302734375 0.646484375 0.09765625 0.09765625
0 0.4521484375 0.646484375 0.09765625 0.09765625
0 0.5546875 0.7431640625 0.09765625 0.09765625
0 0.69140625 0.7041015625 0.09765625 0.09765625
0 0.791015625 0.4931640625 0.09765625 0.09765625
0 0.5576171875 0.5302734375 0.09765625 0.09765625
0 0.5712890625 0.32421875 0.09765625 0.09765625