0 0.3603515625 0.431640625 0.09765625 0.09765625
0 0.2734375 0.376953125 0.09765625 0.09765625
0 0.3623046875 0.1005859375 0.09765625 0.09765625
0 0.138671875 0.173828125 0.09765625 0.09765625
0 0.0732421875 0.1015625 0.09765625 0.09765625
0 0.162109375 0.71484375 0.09765625 0.09765625
0 0.4560546875 0.6953125 0.09765625 0.09765625
0 0.6796875 0.53125 0.09765625 0.09765625
0 0.5947265625 0.4833984375 0.09765625 0.09765625
0 0.70703125 0.41796875 0.09765625 0.09765625
0 0.8896484375 0.5400390625 0.09765625 0.09765625
0 0.76171875 0.6328125 0.09765625 0.09765625
0 0.716796875 0.2275390625 0.09765625 0.09765625
0 0.6494140625 0.1806640625 0.09765625 0.09765625
0 0.1201171875 0.9111328125 0.09765625 0.09765625
0 0.203125 0.8642578125 0.09765625 0.09765625
0 0.28125 0.833984375 0.09765625 0.09765625
0 0.3447265625 0.7587890625 0.09765625 0.09765625
0 0.4248046875 0.7822265625 0.09765625 0.09765625