0 0.345703125 0.1396484375 0.09765625 0.09765625
0 0.2626953125 0.111328125 0.09765625 0.09765625
0 0.126953125 0.12109375 0.09765625 0.09765625
0 0.0693359375 0.1767578125 0.09765625 0.09765625
0 0.0751953125 0.2890625 0.09765625 0.09765625
0 0.1357421875 0.55859375 0.09765625 0.09765625
0 0.1259765625 0.6435546875 0.09765625 0.09765625
0 0.205078125 0.61328125 0.09765625 0.09765625
0 0.2265625 0.529296875 0.09765625 0.09765625
0 0.509765625 0.68359375 0.09765625 0.09765625
0 0.509765625 0.60546875 0.09765625 0.09765625
0 0.884765625 0.6416015625 0.09765625 0.09765625
0 0.5576171875 0.544921875 0.09765625 0.09765625