0 0.130859375 0.4375 0.09765625 0.09765625
0 0.2734375 0.4423828125 0.09765625 0.09765625
0 0.2822265625 0.3544921875 0.09765625 0.09765625
0 0.3388671875 0.28125 0.09765625 0.09765625
0 0.4306640625 0.296875 0.09765625 0.09765625
0 0.51171875 0.560546875 0.09765625 0.09765625
0 0.73046875 0.0673828125 0.09765625 0.09765625
0 0.5703125 0.103515625 0.09765625 0.09765625
0 0.666015625 0.353515625 0.09765625 0.09765625
0 0.54296875 0.69921875 0.09765625 0.09765625
0 0.791015625 0.5986328125 0.09765625 0.09765625
0 0.869140625 0.5673828125 0.09765625 0.09765625
0 0.9091796875 0.40625 0.09765625 0.09765625
0 0.7099609375 0.8076171875 0.09765625 0.09765625
0 0.900390625 0.921875 0.09765625 0.09765625
0 0.0693359375 0.765625 0.09765625 0.09765625
0 0.1064453125 0.8642578125 0.09765625 0.09765625