0 0.3818359375 0.0908203125 0.09765625 0.09765625
0 0.2724609375 0.4853515625 0.09765625 0.09765625
0 0.41796875 0.6611328125 0.09765625 0.09765625
0 0.4814453125 0.470703125 0.09765625 0.09765625
0 0.609375 0.4951171875 0.09765625 0.09765625
0 0.7236328125 0.5087890625 0.09765625 0.09765625
0 0.712890625 0.412109375 0.09765625 0.09765625
0 0.7333984375 0.3046875 0.09765625 0.09765625
0 0.87890625 0.240234375 0.09765625 0.09765625
0 0.8662109375 0.1533203125 0.09765625 0.09765625
0 0.900390625 0.6318359375 0.09765625 0.09765625
0 0.8154296875 0.6484375 0.09765625 0.09765625
0 0.7021484375 0.68359375 0.09765625 0.09765625
0 0.8017578125 0.75 0.09765625 0.09765625
0 0.8720703125 0.7158203125 0.09765625 0.09765625