0 0.4306640625 0.38671875 0.09765625 0.09765625
0 0.2333984375 0.4228515625 0.09765625 0.09765625
0 0.1552734375 0.435546875 0.09765625 0.09765625
0 0.3408203125 0.3134765625 0.09765625 0.09765625
0 0.474609375 0.5341796875 0.09765625 0.09765625
0 0.2958984375 0.625 0.09765625 0.09765625
0 0.5908203125 0.52734375 0.09765625 0.09765625
0 0.6318359375 0.45703125 0.09765625 0.09765625
0 0.6513671875 0.0947265625 0.09765625 0.09765625
0 0.845703125 0.4287109375 0.09765625 0.09765625
0 0.828125 0.62109375 0.09765625 0.09765625