0 0.1806640625 0.2197265625 0.09765625 0.09765625
0 0.318359375 0.37890625 0.09765625 0.09765625
0 0.1826171875 0.4423828125 0.09765625 0.09765625
0 0.091796875 0.4697265625 0.09765625 0.09765625
0 0.2841796875 0.611328125 0.09765625 0.09765625
0 0.5712890625 0.111328125 0.09765625 0.09765625
0 0.72265625 0.0732421875 0.09765625 0.09765625
0 0.8369140625 0.1865234375 0.09765625 0.09765625
0 0.7119140625 0.3017578125 0.09765625 0.09765625
0 0.5859375 0.408203125 0.09765625 0.09765625
0 0.7607421875 0.46484375 0.09765625 0.09765625
0 0.8837890625 0.44140625 0.09765625 0.09765625
0 0.7294921875 0.6611328125 0.09765625 0.09765625
0 0.7119140625 0.751953125 0.09765625 0.09765625
0 0.6162109375 0.9296875 0.09765625 0.09765625
0 0.6142578125 0.8388671875 0.09765625 0.09765625
0 0.5244140625 0.91015625 0.09765625 0.09765625
0 0.3876953125 0.8017578125 0.09765625 0.09765625