0 0.0859375 0.2822265625 0.09765625 0.09765625
0 0.068359375 0.37109375 0.09765625 0.09765625
0 0.205078125 0.4794921875 0.09765625 0.09765625
0 0.20703125 0.5908203125 0.09765625 0.09765625
0 0.3359375 0.6240234375 0.09765625 0.09765625
0 0.5166015625 0.5419921875 0.09765625 0.09765625
0 0.494140625 0.40234375 0.09765625 0.09765625
0 0.5380859375 0.2470703125 0.09765625 0.09765625
0 0.6669921875 0.1962890625 0.09765625 0.09765625
0 0.6240234375 0.3349609375 0.09765625 0.09765625
0 0.6484375 0.4453125 0.09765625 0.09765625
0 0.615234375 0.578125 0.09765625 0.09765625
0 0.615234375 0.794921875 0.09765625 0.09765625