0 0.451171875 0.3671875 0.09765625 0.09765625
0 0.375 0.326171875 0.09765625 0.09765625
0 0.2978515625 0.384765625 0.09765625 0.09765625
0 0.296875 0.490234375 0.09765625 0.09765625
0 0.2158203125 0.427734375 0.09765625 0.09765625
0 0.193359375 0.517578125 0.09765625 0.09765625
0 0.0859375 0.58984375 0.09765625 0.09765625
0 0.1220703125 0.6875 0.09765625 0.09765625
0 0.2861328125 0.6376953125 0.09765625 0.09765625
0 0.3994140625 0.45703125 0.09765625 0.09765625
0 0.494140625 0.4384765625 0.09765625 0.09765625
0 0.619140625 0.2744140625 0.09765625 0.09765625
0 0.546875 0.3359375 0.09765625 0.09765625
0 0.6259765625 0.3642578125 0.09765625 0.09765625
0 0.1005859375 0.9296875 0.09765625 0.09765625
0 0.3642578125 0.8642578125 0.09765625 0.09765625