0 0.2216796875 0.265625 0.09765625 0.09765625
0 0.08984375 0.3681640625 0.09765625 0.09765625
0 0.09375 0.4599609375 0.09765625 0.09765625
0 0.2919921875 0.31640625 0.09765625 0.09765625
0 0.1318359375 0.29296875 0.09765625 0.09765625
0 0.4482421875 0.640625 0.09765625 0.09765625
0 0.728515625 0.619140625 0.09765625 0.09765625
0 0.7431640625 0.3056640625 0.09765625 0.09765625
0 0.8232421875 0.3544921875 0.09765625 0.09765625
0 0.900390625 0.33203125 0.09765625 0.09765625
0 0.8046875 0.240234375 0.09765625 0.09765625