0 0.4169921875 0.3310546875 0.09765625 0.09765625
0 0.3466796875 0.2900390625 0.09765625 0.09765625
0 0.361328125 0.208984375 0.09765625 0.09765625
0 0.23046875 0.119140625 0.09765625 0.09765625
0 0.2451171875 0.4638671875 0.09765625 0.09765625
0 0.65625 0.380859375 0.09765625 0.09765625
0 0.806640625 0.5029296875 0.09765625 0.09765625
0 0.6552734375 0.6025390625 0.09765625 0.09765625
0 0.8984375 0.400390625 0.09765625 0.09765625
0 0.8623046875 0.09765625 0.09765625 0.09765625
0 0.767578125 0.12890625 0.09765625 0.09765625
0 0.728515625 0.068359375 0.09765625 0.09765625
0 0.1572265625 0.763671875 0.09765625 0.09765625
0 0.310546875 0.7646484375 0.09765625 0.09765625
0 0.3857421875 0.7373046875 0.09765625 0.09765625
0 0.474609375 0.76953125 0.09765625 0.09765625