0 0.3212890625 0.2138671875 0.09765625 0.09765625
0 0.38671875 0.2861328125 0.09765625 0.09765625
0 0.2099609375 0.2900390625 0.09765625 0.09765625
0 0.1689453125 0.365234375 0.09765625 0.09765625
0 0.228515625 0.435546875 0.09765625 0.09765625
0 0.2041015625 0.5234375 0.09765625 0.09765625
0 0.3212890625 0.5146484375 0.09765625 0.09765625
0 0.3271484375 0.4296875 0.09765625 0.09765625
0 0.48828125 0.6572265625 0.09765625 0.09765625
0 0.6484375 0.775390625 0.09765625 0.09765625
0 0.6103515625 0.7041015625 0.09765625 0.09765625
0 0.5712890625 0.5703125 0.09765625 0.09765625
0 0.6455078125 0.615234375 0.09765625 0.09765625
0 0.7158203125 0.421875 0.09765625 0.09765625
0 0.662109375 0.8935546875 0.09765625 0.09765625