0 0.3818359375 0.46875 0.09765625 0.09765625
0 0.181640625 0.3984375 0.09765625 0.09765625
0 0.330078125 0.333984375 0.09765625 0.09765625
0 0.4140625 0.3193359375 0.09765625 0.09765625
0 0.4541015625 0.2529296875 0.09765625 0.09765625
0 0.7490234375 0.541015625 0.09765625 0.09765625
0 0.6650390625 0.4404296875 0.09765625 0.09765625
0 0.560546875 0.345703125 0.09765625 0.09765625
0 0.7412109375 0.2099609375 0.09765625 0.09765625
0 0.8173828125 0.1904296875 0.09765625 0.09765625
0 0.8017578125 0.1171875 0.09765625 0.09765625
0 0.8876953125 0.07421875 0.09765625 0.09765625