0 0.4169921875 0.33984375 0.09765625 0.09765625
0 0.2998046875 0.3525390625 0.09765625 0.09765625
0 0.21484375 0.4150390625 0.09765625 0.09765625
0 0.125 0.4013671875 0.09765625 0.09765625
0 0.162109375 0.4853515625 0.09765625 0.09765625
0 0.0986328125 0.5322265625 0.09765625 0.09765625
0 0.08203125 0.1484375 0.09765625 0.09765625
0 0.1337890625 0.0791015625 0.09765625 0.09765625
0 0.5263671875 0.6328125 0.09765625 0.09765625
0 0.0888671875 0.7470703125 0.09765625 0.09765625
0 0.275390625 0.828125 0.09765625 0.09765625
0 0.4560546875 0.84375 0.09765625 0.09765625
0 0.552734375 0.81640625 0.09765625 0.09765625