0 0.1552734375 0.1455078125 0.09765625 0.09765625
0 0.3486328125 0.298828125 0.09765625 0.09765625
0 0.4423828125 0.5966796875 0.09765625 0.09765625
0 0.123046875 0.421875 0.09765625 0.09765625
0 0.6689453125 0.6123046875 0.09765625 0.09765625
0 0.587890625 0.658203125 0.09765625 0.09765625
0 0.5185546875 0.7431640625 0.09765625 0.09765625
0 0.4892578125 0.8173828125 0.09765625 0.09765625
0 0.6787109375 0.439453125 0.09765625 0.09765625
0 0.671875 0.3056640625 0.09765625 0.09765625
0 0.58984375 0.251953125 0.09765625 0.09765625
0 0.8193359375 0.203125 0.09765625 0.09765625