0 0.2666015625 0.6767578125 0.09765625 0.09765625
0 0.2236328125 0.47265625 0.09765625 0.09765625
0 0.2236328125 0.3828125 0.09765625 0.09765625
0 0.541015625 0.271484375 0.09765625 0.09765625
0 0.6259765625 0.2861328125 0.09765625 0.09765625
0 0.6748046875 0.08203125 0.09765625 0.09765625
0 0.9033203125 0.43359375 0.09765625 0.09765625
0 0.7431640625 0.4228515625 0.09765625 0.09765625
0 0.7822265625 0.529296875 0.09765625 0.09765625
0 0.642578125 0.6494140625 0.09765625 0.09765625
0 0.611328125 0.73828125 0.09765625 0.09765625
0 0.734375 0.638671875 0.09765625 0.09765625
0 0.82421875 0.63671875 0.09765625 0.09765625
0 0.9052734375 0.638671875 0.09765625 0.09765625
0 0.53125 0.486328125 0.09765625 0.09765625
0 0.3203125 0.82421875 0.09765625 0.09765625