0 0.3486328125 0.2568359375 0.09765625 0.09765625
0 0.4501953125 0.3388671875 0.09765625 0.09765625
0 0.478515625 0.421875 0.09765625 0.09765625
0 0.46875 0.5234375 0.09765625 0.09765625
0 0.37109375 0.5224609375 0.09765625 0.09765625
0 0.4658203125 0.6162109375 0.09765625 0.09765625
0 0.365234375 0.662109375 0.09765625 0.09765625
0 0.6025390625 0.7158203125 0.09765625 0.09765625
0 0.5615234375 0.8662109375 0.09765625 0.09765625
0 0.7333984375 0.4892578125 0.09765625 0.09765625
0 0.7822265625 0.173828125 0.09765625 0.09765625
0 0.8642578125 0.5341796875 0.09765625 0.09765625
0 0.470703125 0.927734375 0.09765625 0.09765625
0 0.384765625 0.908203125 0.09765625 0.09765625