0 0.078125 0.08203125 0.09765625 0.09765625
0 0.181640625 0.1669921875 0.09765625 0.09765625
0 0.0869140625 0.3681640625 0.09765625 0.09765625
0 0.1796875 0.4150390625 0.09765625 0.09765625
0 0.26953125 0.51953125 0.09765625 0.09765625
0 0.53125 0.5986328125 0.09765625 0.09765625
0 0.513671875 0.513671875 0.09765625 0.09765625
0 0.5986328125 0.5087890625 0.09765625 0.09765625
0 0.6103515625 0.5908203125 0.09765625 0.09765625
0 0.6884765625 0.5009765625 0.09765625 0.09765625
0 0.6591796875 0.3310546875 0.09765625 0.09765625
0 0.806640625 0.3818359375 0.09765625 0.09765625
0 0.7216796875 0.150390625 0.09765625 0.09765625