0 0.2998046875 0.341796875 0.09765625 0.09765625
0 0.150390625 0.443359375 0.09765625 0.09765625
0 0.25390625 0.431640625 0.09765625 0.09765625
0 0.23046875 0.6123046875 0.09765625 0.09765625
0 0.2294921875 0.7109375 0.09765625 0.09765625
0 0.3291015625 0.6748046875 0.09765625 0.09765625
0 0.1923828125 0.5087890625 0.09765625 0.09765625
0 0.5087890625 0.423828125 0.09765625 0.09765625
0 0.626953125 0.4990234375 0.09765625 0.09765625
0 0.75 0.3994140625 0.09765625 0.09765625
0 0.708984375 0.2861328125 0.09765625 0.09765625
0 0.587890625 0.2392578125 0.09765625 0.09765625
0 0.6728515625 0.1904296875 0.09765625 0.09765625
0 0.732421875 0.9091796875 0.09765625 0.09765625
0 0.322265625 0.810546875 0.09765625 0.09765625
0 0.2294921875 0.794921875 0.09765625 0.09765625
0 0.2666015625 0.8955078125 0.09765625 0.09765625
0 0.1826171875 0.900390625 0.09765625 0.09765625