0 0.1396484375 0.09765625 0.09765625 0.09765625
0 0.2265625 0.0830078125 0.09765625 0.09765625
0 0.3154296875 0.0859375 0.09765625 0.09765625
0 0.3271484375 0.169921875 0.09765625 0.09765625
0 0.248046875 0.1640625 0.09765625 0.09765625
0 0.3642578125 0.4697265625 0.09765625 0.09765625
0 0.4384765625 0.44140625 0.09765625 0.09765625
0 0.6259765625 0.22265625 0.09765625 0.09765625
0 0.55078125 0.4365234375 0.09765625 0.09765625
0 0.626953125 0.5478515625 0.09765625 0.09765625
0 0.7470703125 0.7880859375 0.09765625 0.09765625
0 0.59375 0.8232421875 0.09765625 0.09765625
0 0.5126953125 0.8486328125 0.09765625 0.09765625
0 0.5947265625 0.9091796875 0.09765625 0.09765625