0 0.5 0.5888671875 0.09765625 0.09765625
0 0.3134765625 0.7255859375 0.09765625 0.09765625
0 0.2939453125 0.5908203125 0.09765625 0.09765625
0 0.2314453125 0.5263671875 0.09765625 0.09765625
0 0.345703125 0.5126953125 0.09765625 0.09765625
0 0.4189453125 0.4638671875 0.09765625 0.09765625
0 0.2451171875 0.4306640625 0.09765625 0.09765625
0 0.1630859375 0.4052734375 0.09765625 0.09765625
0 0.1005859375 0.271484375 0.09765625 0.09765625
0 0.0771484375 0.1767578125 0.09765625 0.09765625
0 0.4921875 0.234375 0.09765625 0.09765625
0 0.5791015625 0.2529296875 0.09765625 0.09765625
0 0.5888671875 0.34375 0.09765625 0.09765625
0 0.568359375 0.5107421875 0.09765625 0.09765625
0 0.3193359375 0.818359375 0.09765625 0.09765625
0 0.3349609375 0.91015625 0.09765625 0.09765625
0 0.2099609375 0.9228515625 0.09765625 0.09765625