0 0.3916015625 0.2041015625 0.09765625 0.09765625
0 0.1376953125 0.5615234375 0.09765625 0.09765625
0 0.1103515625 0.44921875 0.09765625 0.09765625
0 0.0859375 0.37109375 0.09765625 0.09765625
0 0.25390625 0.6337890625 0.09765625 0.09765625
0 0.580078125 0.173828125 0.09765625 0.09765625
0 0.6337890625 0.3017578125 0.09765625 0.09765625
0 0.7724609375 0.212890625 0.09765625 0.09765625
0 0.9296875 0.208984375 0.09765625 0.09765625
0 0.7294921875 0.4462890625 0.09765625 0.09765625
0 0.8251953125 0.6201171875 0.09765625 0.09765625
0 0.8134765625 0.6904296875 0.09765625 0.09765625